0.6842105263157895 1.0 0.5797101449275363 0.36046511627906974 0.16049382716049382 0.0 0.7142857142857143 3
0.5657894736842105 0.589041095890411 0.8115942028985508 0.29651162790697677 0.09259259259259259 0.0 0.6785714285714286 3
0.6578947368421053 0.5753424657534246 0.8405797101449275 0.37209302325581395 0.18518518518518517 0.25 0.7857142857142857 3
0.5592105263157895 0.5753424657534246 0.7681159420289855 0.22093023255813954 0.0 0.5 0.5714285714285714 2
0.5592105263157895 0.5753424657534246 0.7681159420289855 0.29069767441860467 0.037037037037037035 0.0 0.6428571428571429 2
0.47368421052631576 0.6027397260273972 0.782608695652174 0.3372093023255814 0.1111111111111111 0.25 0.6428571428571429 3
0.6447368421052632 0.547945205479452 0.7536231884057971 0.3372093023255814 0.09876543209876543 0.25 0.7857142857142857 3
0.6710526315789473 0.589041095890411 0.7536231884057971 0.38372093023255816 0.09876543209876543 0.5 0.7857142857142857 3
0.6118421052631579 0.6027397260273972 0.7391304347826086 0.32558139534883723 0.13580246913580246 0.0 0.6785714285714286 1
0.5394736842105263 0.6027397260273972 0.6956521739130435 0.3023255813953488 0.13580246913580246 0.5 0.7142857142857143 1
0.743421052631579 0.7123287671232876 0.8913043478260869 0.313953488372093 0.20987654320987653 0.125 0.7857142857142857 3
0.6842105263157895 0.6027397260273972 0.782608695652174 0.3488372093023256 0.13580246913580246 0.25 0.6428571428571429 2
0.756578947368421 0.6986301369863014 0.9057971014492754 0.3372093023255814 0.20987654320987653 0.0 0.8214285714285714 1
0.8026315789473685 0.821917808219178 1.0 0.27906976744186046 0.2839506172839506 0.25 0.9285714285714286 3
0.7105263157894737 0.5753424657534246 0.8115942028985508 0.3953488372093023 0.13580246913580246 0.5 0.7142857142857143 2
0.6842105263157895 0.9315068493150684 0.37681159420289856 0.36046511627906974 0.1111111111111111 0.5 0.7142857142857143 3
0.6776315789473685 0.7671232876712328 0.6014492753623188 0.3372093023255814 0.16049382716049382 0.125 0.6071428571428571 3
0.6776315789473685 0.6438356164383562 0.782608695652174 0.3546511627906977 0.4691358024691358 0.0 0.5714285714285714 1
0.631578947368421 0.8904109589041096 0.42028985507246375 0.313953488372093 0.09876543209876543 0.25 0.6428571428571429 2
0.7236842105263158 0.821917808219178 0.5072463768115942 0.3953488372093023 0.8395061728395061 0.25 0.8571428571428571 1
0.6447368421052632 0.547945205479452 0.782608695652174 0.3953488372093023 0.12345679012345678 0.25 0.7142857142857143 3
0.7105263157894737 0.684931506849315 0.7101449275362319 0.313953488372093 0.037037037037037035 0.75 0.5714285714285714 3
0.631578947368421 0.6575342465753424 0.7391304347826086 0.37209302325581395 0.1111111111111111 0.0 0.7142857142857143 3
0.6842105263157895 0.5753424657534246 0.8405797101449275 0.45348837209302323 0.13580246913580246 0.0 0.7857142857142857 1
0.6710526315789473 0.547945205479452 0.8115942028985508 0.45348837209302323 0.16049382716049382 0.25 0.6428571428571429 1
0.6842105263157895 0.6027397260273972 0.7536231884057971 0.27906976744186046 0.09876543209876543 0.25 0.7142857142857143 2
0.6710526315789473 0.547945205479452 0.7536231884057971 0.38372093023255816 0.1111111111111111 0.5 0.7142857142857143 3
0.631578947368421 0.6301369863013698 0.6956521739130435 0.3372093023255814 0.13580246913580246 0.25 0.7142857142857143 3
0.6052631578947368 0.958904109589041 0.37681159420289856 0.3023255813953488 0.14814814814814814 0.25 0.6428571428571429 3
0.6973684210526315 0.6575342465753424 0.7971014492753623 0.37209302325581395 0.14814814814814814 0.5 0.8571428571428571 3
0.5789473684210527 0.6301369863013698 0.8260869565217391 0.32558139534883723 0.1111111111111111 0.0 0.6428571428571429 1
0.7105263157894737 0.547945205479452 0.8115942028985508 0.45348837209302323 0.20987654320987653 0.5 0.7857142857142857 2
0.625 0.6095890410958904 0.7753623188405797 0.3372093023255814 0.12345679012345678 0.0 0.6785714285714286 2
0.6052631578947368 0.6164383561643836 0.7391304347826086 0.2558139534883721 0.06172839506172839 0.25 0.5714285714285714 1
0.6447368421052632 0.6027397260273972 0.8115942028985508 0.37209302325581395 0.14814814814814814 0.25 0.7857142857142857 3
0.6842105263157895 0.6301369863013698 0.7246376811594203 0.3372093023255814 0.1111111111111111 0.75 0.7857142857142857 2
0.6447368421052632 0.589041095890411 0.7391304347826086 0.36046511627906974 0.7530864197530864 0.5 0.0 1
0.6052631578947368 0.5753424657534246 0.8115942028985508 0.3953488372093023 0.16049382716049382 0.25 0.8571428571428571 2
0.7105263157894737 0.547945205479452 0.782608695652174 0.37209302325581395 0.1111111111111111 0.25 0.7142857142857143 1
0.631578947368421 0.6301369863013698 0.7536231884057971 0.32558139534883723 0.07407407407407407 0.0 0.6428571428571429 2
0.6578947368421053 0.547945205479452 0.782608695652174 0.36046511627906974 0.12345679012345678 0.25 0.6428571428571429 3
0.6842105263157895 0.5753424657534246 0.7536231884057971 0.3372093023255814 0.13580246913580246 0.5 0.6428571428571429 1
0.8552631578947368 0.5753424657534246 0.7971014492753623 0.3372093023255814 0.08641975308641975 0.0 0.7142857142857143 2
1.0 0.547945205479452 0.8115942028985508 0.45348837209302323 0.2839506172839506 1.0 0.7857142857142857 2
0.7105263157894737 0.6027397260273972 0.782608695652174 0.32558139534883723 0.14814814814814814 0.25 0.7142857142857143 3
0.7105263157894737 0.0684931506849315 0.8405797101449275 0.2558139534883721 0.14814814814814814 0.0 0.7142857142857143 3
0.5789473684210527 0.821917808219178 0.4057971014492754 0.27906976744186046 0.037037037037037035 0.0 0.6428571428571429 3
1.0 0.863013698630137 0.8695652173913043 0.4186046511627907 0.4691358024691358 0.5 1.0 3
0.618421052631579 0.589041095890411 0.7536231884057971 0.3953488372093023 0.12345679012345678 0.0 0.7857142857142857 2
0.6710526315789473 0.5753424657534246 0.7536231884057971 0.3023255813953488 0.654320987654321 0.25 0.6428571428571429 3
0.7105263157894737 0.6027397260273972 0.7681159420289855 0.3372093023255814 0.18518518518518517 0.5 0.6428571428571429 1
0.7105263157894737 0.547945205479452 0.7971014492753623 0.4069767441860465 0.13580246913580246 0.75 0.8571428571428571 1
0.7368421052631579 0.6986301369863014 0.8260869565217391 0.313953488372093 0.16049382716049382 0.5 0.7142857142857143 2
0.6710526315789473 0.6027397260273972 0.6666666666666666 0.0 0.12345679012345678 0.25 0.6428571428571429 3
0.6447368421052632 0.9041095890410958 0.43478260869565216 0.4186046511627907 0.13580246913580246 0.25 0.7857142857142857 3
0.7105263157894737 0.6301369863013698 0.7536231884057971 0.4186046511627907 0.09876543209876543 0.25 0.7857142857142857 1
0.6710526315789473 0.5205479452054794 0.7246376811594203 0.313953488372093 0.037037037037037035 0.5 0.5714285714285714 3
0.6578947368421053 0.684931506849315 0.8840579710144928 0.46511627906976744 0.19753086419753085 0.5 0.8571428571428571 3
0.5789473684210527 0.8767123287671232 0.42028985507246375 0.36046511627906974 0.06172839506172839 0.0 0.8571428571428571 3
0.6842105263157895 0.589041095890411 0.782608695652174 0.37209302325581395 0.1111111111111111 0.5 0.6428571428571429 2
0.7105263157894737 0.958904109589041 0.4057971014492754 0.4418604651162791 0.18518518518518517 0.0 0.8571428571428571 1
0.6447368421052632 0.547945205479452 0.7536231884057971 0.3372093023255814 0.09876543209876543 0.25 0.7857142857142857 2
0.6052631578947368 0.684931506849315 0.6666666666666666 0.27906976744186046 0.09876543209876543 0.25 0.5714285714285714 2
0.6710526315789473 0.589041095890411 0.7536231884057971 0.38372093023255816 0.09876543209876543 0.5 0.6428571428571429 1
0.6710526315789473 0.5342465753424658 0.7681159420289855 0.3488372093023256 0.12345679012345678 0.5 0.7857142857142857 1
0.6447368421052632 0.547945205479452 0.7536231884057971 0.37209302325581395 0.13580246913580246 0.5 0.7857142857142857 1
0.6710526315789473 0.5342465753424658 0.7681159420289855 0.3488372093023256 0.12345679012345678 0.5 0.7857142857142857 1
0.6447368421052632 0.5616438356164384 0.7971014492753623 0.3953488372093023 0.16049382716049382 0.25 0.7857142857142857 2
0.631578947368421 0.6027397260273972 0.782608695652174 0.3372093023255814 0.09876543209876543 0.0 0.6428571428571429 3
0.631578947368421 0.5616438356164384 0.7391304347826086 0.313953488372093 0.7160493827160493 0.0 0.7142857142857143 3
0.631578947368421 0.5616438356164384 0.7391304347826086 0.3546511627906977 0.12345679012345678 0.0 0.7142857142857143 1
0.6578947368421053 0.5753424657534246 0.7536231884057971 0.32558139534883723 0.13580246913580246 0.0 0.6428571428571429 2
0.6052631578947368 0.547945205479452 0.7246376811594203 0.38372093023255816 0.1111111111111111 0.0 0.7857142857142857 2
0.631578947368421 0.5958904109589042 0.8115942028985508 0.37209302325581395 0.18518518518518517 0.25 0.7857142857142857 1
0.6052631578947368 0.6164383561643836 0.7536231884057971 0.32558139534883723 0.09876543209876543 0.0 0.7142857142857143 1
0.6578947368421053 0.5753424657534246 0.8695652173913043 0.313953488372093 0.14814814814814814 0.25 0.7142857142857143 2
0.5789473684210527 0.6164383561643836 0.7391304347826086 0.3372093023255814 0.12345679012345678 0.0 0.7142857142857143 2
0.6447368421052632 0.5616438356164384 0.6666666666666666 0.3372093023255814 0.1111111111111111 0.0 0.5714285714285714 3
0.6118421052631579 0.7328767123287672 0.5507246376811594 0.32558139534883723 0.08024691358024691 0.25 0.6428571428571429 1
0.5921052631578947 0.5753424657534246 0.7681159420289855 0.313953488372093 0.06172839506172839 0.25 0.6428571428571429 3
0.631578947368421 0.8904109589041096 0.3333333333333333 0.3372093023255814 0.09876543209876543 0.25 0.6428571428571429 2
0.7236842105263158 0.5753424657534246 0.8115942028985508 0.36046511627906974 0.13580246913580246 0.5 0.7857142857142857 2
0.7236842105263158 0.5616438356164384 0.782608695652174 0.3953488372093023 0.1728395061728395 0.0 0.6428571428571429 1
0.5394736842105263 0.6164383561643836 0.7391304347826086 0.3372093023255814 0.06172839506172839 0.25 0.6428571428571429 3
0.6710526315789473 0.547945205479452 0.782608695652174 0.3023255813953488 0.09876543209876543 0.5 0.5714285714285714 3
0.618421052631579 0.541095890410959 0.6884057971014492 0.3313953488372093 0.08024691358024691 0.25 0.6785714285714286 1
0.631578947368421 0.5616438356164384 0.6811594202898551 0.3372093023255814 0.037037037037037035 0.25 0.7142857142857143 3
0.618421052631579 0.547945205479452 0.7463768115942029 0.32558139534883723 0.12345679012345678 0.25 0.6428571428571429 2
0.618421052631579 0.547945205479452 0.7463768115942029 0.38372093023255816 0.13580246913580246 0.125 0.9285714285714286 3
0.6052631578947368 0.5205479452054794 0.6956521739130435 0.313953488372093 0.06172839506172839 0.25 0.6428571428571429 3
0.631578947368421 0.5684931506849316 0.7391304347826086 0.37209302325581395 0.13580246913580246 0.0 0.6428571428571429 3
0.6578947368421053 0.5753424657534246 0.7971014492753623 0.3953488372093023 0.20987654320987653 0.25 0.8571428571428571 2
0.6052631578947368 0.5616438356164384 0.6811594202898551 0.32558139534883723 0.1111111111111111 0.25 0.5714285714285714 3
0.6842105263157895 0.9315068493150684 0.43478260869565216 0.45348837209302323 0.1111111111111111 0.25 0.8571428571428571 1
0.7368421052631579 0.6301369863013698 0.7536231884057971 0.3372093023255814 0.14814814814814814 0.5 0.7857142857142857 1
0.631578947368421 0.547945205479452 0.7536231884057971 0.3372093023255814 0.07407407407407407 0.5 0.6428571428571429 2
0.7236842105263158 0.7123287671232876 0.855072463768116 0.3488372093023256 0.13580246913580246 0.25 0.7142857142857143 1
0.6578947368421053 0.5068493150684932 0.7318840579710145 0.3372093023255814 0.12345679012345678 0.25 0.6428571428571429 2
0.5394736842105263 0.589041095890411 0.7246376811594203 0.2558139534883721 0.024691358024691357 0.25 0.5 2
0.02631578947368421 0.0547945205479452 0.7391304347826086 0.5 1.0 0.0 0.8571428571428571 1
0.5657894736842105 0.8356164383561644 0.3188405797101449 0.22093023255813954 0.024691358024691357 0.25 0.5714285714285714 2
0.6578947368421053 0.589041095890411 0.7391304347826086 0.4186046511627907 0.09876543209876543 0.0 0.7857142857142857 1
0.631578947368421 0.4383561643835616 0.6666666666666666 0.3372093023255814 0.06172839506172839 0.25 0.6428571428571429 2
0.631578947368421 0.589041095890411 0.782608695652174 0.38372093023255816 0.7407407407407407 0.5 0.7857142857142857 1
0.6710526315789473 0.6575342465753424 0.8115942028985508 0.36046511627906974 0.13580246913580246 0.25 0.7142857142857143 1
0.6710526315789473 0.6986301369863014 0.7101449275362319 0.3023255813953488 0.07407407407407407 0.25 0.5714285714285714 1
0.6052631578947368 0.684931506849315 0.7246376811594203 0.3488372093023256 0.16049382716049382 0.25 0.7142857142857143 1
0.6447368421052632 0.6027397260273972 0.4492753623188406 0.3372093023255814 0.09876543209876543 0.0 0.7142857142857143 2
0.631578947368421 0.5753424657534246 0.6666666666666666 0.4186046511627907 0.20987654320987653 0.25 0.8571428571428571 2
0.21052631578947367 0.410958904109589 0.2318840579710145 0.27906976744186046 0.6790123456790124 0.25 0.6428571428571429 3
0.6052631578947368 0.5205479452054794 0.7101449275362319 0.313953488372093 0.09876543209876543 0.0 0.7857142857142857 2
0.6447368421052632 0.5205479452054794 0.6086956521739131 0.27906976744186046 0.08641975308641975 0.0 0.5714285714285714 3
0.7171052631578947 0.6643835616438356 0.7898550724637681 0.4069767441860465 0.16049382716049382 0.0 0.8571428571428571 3
0.7105263157894737 0.684931506849315 0.8115942028985508 0.4418604651162791 0.2222222222222222 0.0 0.7857142857142857 2
0.6907894736842105 0.6643835616438356 0.8623188405797102 0.36046511627906974 0.14814814814814814 0.0 0.7142857142857143 1
0.7236842105263158 0.6438356164383562 0.7681159420289855 0.36046511627906974 0.16049382716049382 0.25 0.7857142857142857 2
0.6578947368421053 0.684931506849315 0.9565217391304348 0.4186046511627907 0.8518518518518519 0.25 0.7857142857142857 1
0.631578947368421 0.7123287671232876 0.7391304347826086 0.32558139534883723 0.08641975308641975 0.0 0.6428571428571429 3
0.5394736842105263 0.589041095890411 0.7391304347826086 0.32558139534883723 0.16049382716049382 0.0 0.7142857142857143 2
0.6447368421052632 0.5753424657534246 0.782608695652174 0.3023255813953488 0.654320987654321 0.25 0.5714285714285714 1
0.6710526315789473 0.7123287671232876 0.927536231884058 0.27906976744186046 0.16049382716049382 0.5 0.7857142857142857 1
0.6052631578947368 0.589041095890411 0.8115942028985508 0.36046511627906974 0.14814814814814814 0.0 0.8571428571428571 2
0.7368421052631579 0.547945205479452 0.8985507246376812 0.27906976744186046 0.06172839506172839 1.0 0.5 1
0.7105263157894737 0.9452054794520548 0.43478260869565216 0.4186046511627907 0.12345679012345678 0.25 0.7142857142857143 3
0.6842105263157895 0.6712328767123288 0.7971014492753623 0.3023255813953488 0.25925925925925924 0.25 0.7142857142857143 3
0.631578947368421 0.6027397260273972 0.782608695652174 0.29069767441860467 0.12345679012345678 0.25 0.7142857142857143 2
0.631578947368421 0.6027397260273972 0.4927536231884058 0.3023255813953488 0.14814814814814814 0.25 0.8571428571428571 1
0.5394736842105263 0.547945205479452 0.6666666666666666 0.313953488372093 0.037037037037037035 0.0 0.5714285714285714 2
0.5394736842105263 0.6164383561643836 0.8115942028985508 0.3372093023255814 0.1728395061728395 0.5 0.7142857142857143 3
0.7894736842105263 0.6027397260273972 0.8405797101449275 0.38372093023255816 0.18518518518518517 0.5 0.7857142857142857 1
0.7631578947368421 0.6712328767123288 0.6521739130434783 0.36046511627906974 0.16049382716049382 0.0 0.7142857142857143 3
0.8026315789473685 0.7534246575342466 0.4927536231884058 0.23255813953488372 0.09876543209876543 1.0 0.7142857142857143 1
0.7236842105263158 0.589041095890411 0.8115942028985508 0.27906976744186046 0.09876543209876543 0.5 0.6428571428571429 2
0.6842105263157895 0.4931506849315068 0.7536231884057971 0.3488372093023256 0.13580246913580246 0.75 0.7142857142857143 1
0.6710526315789473 0.589041095890411 0.8043478260869565 0.313953488372093 0.09876543209876543 0.0 0.5357142857142857 1
0.618421052631579 0.5753424657534246 0.7971014492753623 0.3953488372093023 0.09876543209876543 0.25 0.5 1
0.7236842105263158 0.6027397260273972 0.8115942028985508 0.3953488372093023 0.1111111111111111 0.5 0.5714285714285714 2
0.7368421052631579 0.589041095890411 0.7971014492753623 0.37209302325581395 0.12345679012345678 0.25 0.5714285714285714 1
0.7236842105263158 0.5616438356164384 0.8405797101449275 0.3372093023255814 0.1111111111111111 0.25 0.5 3